$ 1 0.000005 10.20027730826997 50 5 50 5e-11
t 272 256 320 256 2 1 -4.780335682291273 0.21966430775320886 100 default
r 192 256 272 256 0 1000
R 144 256 112 256 0 0 40 3.3 0 0 0.5
g 320 352 320 432 0 0
d 320 208 320 128 2 default
R 320 128 320 48 0 0 40 5 0 0 0.5
s 144 256 192 256 0 1 false
w 320 240 320 208 0
w 320 128 352 128 0
w 352 128 400 144 0
w 320 272 320 352 0
w 400 160 320 208 0
178 400 112 464 112 2 1 0.2 4.977612285146073e-10 0.05 1000000 0.02 20 0.015 0.005 0
R 400 112 400 48 0 0 40 12 0 0 0.5
162 544 128 544 224 2 default-led 1 0 0 0.01
w 544 128 496 128 0
w 496 128 464 128 0
r 544 304 544 224 0 1000
g 544 304 544 368 0 0
