$ 1 0.000005 3.046768661252054 43 5 50 5e-11
t 384 352 448 352 2 1 -3.69999999962 -0.0000017856118009722398 271 default
g 576 544 576 576 0 0
w 576 432 576 480 3
w 576 368 576 400 0
w 288 352 240 352 3
w 448 304 448 336 0
w 448 304 448 160 3
w 1008 176 1008 128 0
g 1040 176 1040 304 0 0
t 528 416 576 416 3 1 0.000001785987716091262 0.0000017859917956233613 271 default
s 240 352 192 352 0 0 false
w 448 368 448 416 0
R 192 352 112 352 0 2 50 3.3 3.3 0 0.5
403 80 528 320 656 0 12_64_0_x101002_10_0.0125_-1_2_12_3
g 448 528 448 592 0 0
d 352 800 400 800 2 default
R 448 160 448 -16 0 0 40 3.7 0 0 0.5
r 288 352 384 352 0 100
r 576 256 704 256 0 25
r 448 416 448 528 0 470000
403 592 592 816 768 0 9_64_6_x101002_0.078125_0.1_-1_1
w 880 416 1008 416 0
w 576 368 576 336 3
r 1232 -32 1408 -32 0 1000
w 864 96 768 96 0
w 752 128 880 128 0
R 1232 0 1312 0 0 0 40 5 0 0 0.5
w 448 416 528 416 3
w 1088 208 1088 224 0
178 1072 -16 1232 -16 6 1 0.2 0 0.05 1000000 0.02 20 0.015 0.005 0
162 576 336 576 256 2 1N5711 1 0 0 0.01
g 704 256 704 320 0 0
R 1232 272 1232 192 0 0 40 5 0 0 0.5
r 576 480 576 544 0 470000
